   0.0000000e+00
   0.0000000e+00
   0.0000000e+00
   0.0000000e+00
   0.0000000e+00
   0.0000000e+00
   0.0000000e+00
   0.0000000e+00
   0.0000000e+00
   0.0000000e+00
   0.0000000e+00
   0.0000000e+00
   0.0000000e+00
   0.0000000e+00
   0.0000000e+00
   3.0452963e-03
   7.4138700e-03
   1.4221053e-02
   3.0113272e-02
   6.1103876e-02
   9.0076357e-02
   1.2243604e-01
   1.4728298e-01
   1.6764888e-01
   1.7941701e-01
   1.9363019e-01
   1.9693446e-01
   2.0068589e-01
   1.9212798e-01
   1.7386042e-01
   1.4591735e-01
   1.2226074e-01
   1.0115252e-01
   8.4202772e-02
   6.8198797e-02
   5.8410978e-02
   4.8164047e-02
   3.9454806e-02
   3.2374780e-02
   2.6588458e-02
   2.2812414e-02
   1.9171718e-02
   1.5588086e-02
   1.2637923e-02
   1.0053378e-02
   7.7707596e-03
   5.8051508e-03
   4.1954126e-03
   2.6571449e-03
   1.5772685e-03
   0.0000000e+00
   0.0000000e+00
   0.0000000e+00
   0.0000000e+00
   0.0000000e+00
   0.0000000e+00
   0.0000000e+00
   0.0000000e+00
   0.0000000e+00
   0.0000000e+00
   0.0000000e+00
   0.0000000e+00
   0.0000000e+00
   0.0000000e+00
   0.0000000e+00
   0.0000000e+00
   0.0000000e+00
   0.0000000e+00
   0.0000000e+00
   0.0000000e+00
   0.0000000e+00
   0.0000000e+00
   0.0000000e+00
   0.0000000e+00
   0.0000000e+00
   0.0000000e+00
   0.0000000e+00
   0.0000000e+00
   0.0000000e+00
   0.0000000e+00
   0.0000000e+00
   0.0000000e+00
   0.0000000e+00
   0.0000000e+00
   0.0000000e+00
   0.0000000e+00
   0.0000000e+00
   0.0000000e+00
   0.0000000e+00
   0.0000000e+00
   0.0000000e+00
   0.0000000e+00
   0.0000000e+00
   0.0000000e+00
   0.0000000e+00
   0.0000000e+00
   0.0000000e+00
   0.0000000e+00
   0.0000000e+00
   0.0000000e+00
