   0.0000000e+00
   0.0000000e+00
   0.0000000e+00
   0.0000000e+00
   0.0000000e+00
   0.0000000e+00
   0.0000000e+00
   0.0000000e+00
   0.0000000e+00
   0.0000000e+00
   0.0000000e+00
   0.0000000e+00
   0.0000000e+00
   0.0000000e+00
   0.0000000e+00
   3.0452963e-03
   7.4365164e-03
   1.4371366e-02
   3.0779177e-02
   6.3938548e-02
   9.9117580e-02
   1.4424268e-01
   1.8702895e-01
   2.2956764e-01
   2.6189659e-01
   2.9655395e-01
   3.1411369e-01
   3.2929808e-01
   3.1894832e-01
   2.8633793e-01
   2.3014934e-01
   1.7973647e-01
   1.3822013e-01
   1.0842674e-01
   8.3716001e-02
   6.8913504e-02
   5.5146080e-02
   4.4161297e-02
   3.5483833e-02
   2.8646095e-02
   2.4241788e-02
   2.0168037e-02
   1.6271219e-02
   1.3093034e-02
   1.0345387e-02
   7.9511823e-03
   5.9105004e-03
   4.2531530e-03
   2.6839863e-03
   1.5881514e-03
   0.0000000e+00
   0.0000000e+00
   0.0000000e+00
   0.0000000e+00
   0.0000000e+00
   0.0000000e+00
   0.0000000e+00
   0.0000000e+00
   0.0000000e+00
   0.0000000e+00
   0.0000000e+00
   0.0000000e+00
   0.0000000e+00
   0.0000000e+00
   0.0000000e+00
   0.0000000e+00
   0.0000000e+00
   0.0000000e+00
   0.0000000e+00
   0.0000000e+00
   0.0000000e+00
   0.0000000e+00
   0.0000000e+00
   0.0000000e+00
   0.0000000e+00
   0.0000000e+00
   0.0000000e+00
   0.0000000e+00
   0.0000000e+00
   0.0000000e+00
   0.0000000e+00
   0.0000000e+00
   0.0000000e+00
   0.0000000e+00
   0.0000000e+00
   0.0000000e+00
   0.0000000e+00
   0.0000000e+00
   0.0000000e+00
   0.0000000e+00
   0.0000000e+00
   0.0000000e+00
   0.0000000e+00
   0.0000000e+00
   0.0000000e+00
   0.0000000e+00
   0.0000000e+00
   0.0000000e+00
   0.0000000e+00
   0.0000000e+00
