   3.6702025e-02
   7.3287407e-03
   4.9499918e-03
   3.3561469e-03
   2.2357015e-03
   1.6488883e-03
   1.2689937e-03
   9.7359796e-04
   8.0257000e-04
   6.8689903e-04
   6.5708180e-04
   6.1968841e-04
   6.2123530e-04
   6.7386265e-04
   7.0575009e-04
   7.1831555e-04
   8.4419817e-04
   9.2863351e-04
   9.9263969e-04
   1.1837327e-03
   1.3697109e-03
   1.1636410e-03
   1.3709019e-03
   1.2984137e-03
   1.4842122e-03
   1.5067650e-03
   1.4433478e-03
   1.4634987e-03
   1.5352618e-03
   1.4555521e-03
   1.6541522e-03
   1.5190214e-03
   1.7418878e-03
   1.7004844e-03
   1.8273276e-03
   2.0229179e-03
   2.0757173e-03
   2.1205078e-03
   2.3365774e-03
   2.2862158e-03
   2.6412876e-03
   2.6152743e-03
   2.8880107e-03
   3.0840520e-03
   3.3109476e-03
   3.5863747e-03
   3.8311035e-03
   4.1708520e-03
   4.6218572e-03
   4.9408167e-03
   5.5698098e-03
   6.0529325e-03
   6.6292734e-03
   7.1701001e-03
   7.8253601e-03
   8.4949870e-03
   9.4035616e-03
   1.0253873e-02
   1.1533679e-02
   1.2596076e-02
   1.4193375e-02
   1.5695703e-02
   1.7275129e-02
   1.8686993e-02
   2.0767824e-02
   2.2415801e-02
   2.4685234e-02
   2.7267282e-02
   3.0728890e-02
   3.3894702e-02
   3.8045613e-02
   4.2066872e-02
   4.6469385e-02
   5.0316910e-02
   5.5296042e-02
   6.0103502e-02
   6.6347667e-02
   7.2377790e-02
   8.1455314e-02
   9.0692158e-02
   1.0211270e-01
   1.1273687e-01
   1.2548398e-01
   1.3634699e-01
   1.4864875e-01
   1.5970438e-01
   1.7405763e-01
   1.8566791e-01
   2.0506478e-01
   2.2125596e-01
   2.3932096e-01
   2.5712791e-01
   2.7233755e-01
   2.8334492e-01
   2.9885976e-01
   3.0569982e-01
   3.0835183e-01
   3.2973962e-01
   3.3550888e-01
   3.8981869e-01
