   3.8759178e-02
   6.6942402e-03
   4.2601936e-03
   2.9791248e-03
   2.1467937e-03
   1.7784073e-03
   1.5149137e-03
   1.2039777e-03
   1.0749326e-03
   9.3420137e-04
   8.5083227e-04
   7.9124074e-04
   7.2876623e-04
   7.5021946e-04
   8.0552442e-04
   8.4977999e-04
   9.6231123e-04
   1.1038459e-03
   1.1565190e-03
   1.3397062e-03
   1.4993210e-03
   1.2625070e-03
   1.4346522e-03
   1.3999180e-03
   1.4910569e-03
   1.4777277e-03
   1.4051192e-03
   1.4538014e-03
   1.5082727e-03
   1.4589616e-03
   1.6781318e-03
   1.5571630e-03
   1.8129754e-03
   1.8454410e-03
   1.9356901e-03
   2.1548806e-03
   2.2862061e-03
   2.3558164e-03
   2.6516499e-03
   2.7478350e-03
   3.1083619e-03
   3.1625025e-03
   3.4670486e-03
   3.7418122e-03
   4.0763630e-03
   4.4752640e-03
   4.8838440e-03
   5.3172653e-03
   5.9038192e-03
   6.2689863e-03
   7.2339082e-03
   7.9371187e-03
   8.8015176e-03
   9.6412013e-03
   1.0707564e-02
   1.1746087e-02
   1.3187929e-02
   1.4483982e-02
   1.6354105e-02
   1.7955635e-02
   2.0262815e-02
   2.2350114e-02
   2.4745530e-02
   2.6898160e-02
   2.9819142e-02
   3.2189288e-02
   3.5482693e-02
   3.9004397e-02
   4.3560380e-02
   4.7865590e-02
   5.3520368e-02
   5.8887870e-02
   6.4813714e-02
   7.0256517e-02
   7.7027868e-02
   8.3279038e-02
   9.1289044e-02
   9.8926808e-02
   1.0981059e-01
   1.2081705e-01
   1.3469438e-01
   1.4752678e-01
   1.6156923e-01
   1.7444593e-01
   1.8855424e-01
   2.0112198e-01
   2.1688204e-01
   2.2724292e-01
   2.4766102e-01
   2.6343921e-01
   2.7934712e-01
   2.8902643e-01
   2.9463880e-01
   2.8674138e-01
   2.8635619e-01
   2.6962078e-01
   2.5775398e-01
   2.8314307e-01
   2.8631465e-01
   3.9149888e-01
