   0.0000000e+00
   0.0000000e+00
   0.0000000e+00
   0.0000000e+00
   0.0000000e+00
   0.0000000e+00
   0.0000000e+00
   0.0000000e+00
   0.0000000e+00
   0.0000000e+00
   0.0000000e+00
   0.0000000e+00
   0.0000000e+00
   0.0000000e+00
   0.0000000e+00
   2.6400000e-03
   5.1175102e-03
   9.0017092e-03
   1.3655671e-02
   1.9578480e-02
   2.6834926e-02
   3.5358676e-02
   4.5254798e-02
   5.6647078e-02
   6.9692108e-02
   8.4580984e-02
   9.7399374e-02
   1.0761140e-01
   1.1446043e-01
   1.1762136e-01
   1.1688973e-01
   1.1272143e-01
   1.0524842e-01
   9.4704204e-02
   8.1351749e-02
   6.5526011e-02
   5.1575342e-02
   3.9716975e-02
   2.9941683e-02
   2.2032921e-02
   1.5821987e-02
   1.0830654e-02
   6.9697567e-03
   4.1759771e-03
   2.4062182e-03
   1.6305726e-03
   1.0120482e-03
   5.4543340e-04
   2.2034197e-04
   4.8036700e-05
   0.0000000e+00
   0.0000000e+00
   0.0000000e+00
   0.0000000e+00
   0.0000000e+00
   0.0000000e+00
   0.0000000e+00
   0.0000000e+00
   0.0000000e+00
   0.0000000e+00
   0.0000000e+00
   0.0000000e+00
   0.0000000e+00
   0.0000000e+00
   0.0000000e+00
   0.0000000e+00
   0.0000000e+00
   0.0000000e+00
   0.0000000e+00
   0.0000000e+00
   0.0000000e+00
   0.0000000e+00
   0.0000000e+00
   0.0000000e+00
   0.0000000e+00
   0.0000000e+00
   0.0000000e+00
   0.0000000e+00
   0.0000000e+00
   0.0000000e+00
   0.0000000e+00
   0.0000000e+00
   0.0000000e+00
   0.0000000e+00
   0.0000000e+00
   0.0000000e+00
   0.0000000e+00
   0.0000000e+00
   0.0000000e+00
   0.0000000e+00
   0.0000000e+00
   0.0000000e+00
   0.0000000e+00
   0.0000000e+00
   0.0000000e+00
   0.0000000e+00
   0.0000000e+00
   0.0000000e+00
   0.0000000e+00
   0.0000000e+00
