   4.0000000e-03
   4.0000000e-03
   3.5416000e-03
   3.0832000e-03
   2.4720000e-03
   1.7080000e-03
   1.0968000e-03
   6.3840000e-04
   3.3280000e-04
   1.8000000e-04
   1.8000000e-04
   1.8000000e-04
   1.8000000e-04
   1.8000000e-04
   1.8000000e-04
   1.8000000e-04
   1.8376000e-04
   1.9128000e-04
   2.0256000e-04
   2.1760000e-04
   2.3640000e-04
   2.5340000e-04
   2.6860000e-04
   2.8200000e-04
   2.9360000e-04
   3.0340000e-04
   3.1580000e-04
   3.3080000e-04
   3.4840000e-04
   3.6860000e-04
   3.9140000e-04
   4.1592000e-04
   4.4216000e-04
   4.7012000e-04
   4.9980000e-04
   5.3120000e-04
   5.7016000e-04
   6.1668000e-04
   6.7076000e-04
   7.3240000e-04
   8.0160000e-04
   8.7804000e-04
   9.6172000e-04
   1.0526400e-03
   1.1508000e-03
   1.2562000e-03
   1.3732800e-03
   1.5020400e-03
   1.6424800e-03
   1.7946000e-03
   1.9584000e-03
   2.1232400e-03
   2.2891200e-03
   2.4560400e-03
   2.6240000e-03
   2.7930000e-03
   2.9860800e-03
   3.2032400e-03
   3.4444800e-03
   3.7098000e-03
   3.9992000e-03
   4.3432000e-03
   4.7418000e-03
   5.1950000e-03
   5.7028000e-03
   6.2652000e-03
   6.9073600e-03
   7.6292800e-03
   8.4309600e-03
   9.3124000e-03
   1.0273600e-02
   1.2601400e-02
   1.6295800e-02
   2.1356800e-02
   2.7784400e-02
   3.5578600e-02
   4.1813960e-02
   4.6490480e-02
   4.9608160e-02
   5.1167000e-02
   5.1167000e-02
   5.1167000e-02
   5.1167000e-02
   5.1167000e-02
   5.1167000e-02
   5.1167000e-02
   5.1167000e-02
   5.1167000e-02
   5.1167000e-02
   5.1167000e-02
   5.1167000e-02
   5.1167000e-02
   5.1167000e-02
   5.1167000e-02
   5.1167000e-02
   5.1167000e-02
   5.1167000e-02
   5.1167000e-02
   5.1167000e-02
   5.1167000e-02
