   4.0000000e-03
   4.0000000e-03
   3.5746000e-03
   3.1492000e-03
   2.5820000e-03
   1.8730000e-03
   1.3058000e-03
   8.8040000e-04
   5.9680000e-04
   4.5500000e-04
   4.5500000e-04
   4.5500000e-04
   4.5500000e-04
   4.5500000e-04
   4.5500000e-04
   4.5500000e-04
   4.6308000e-04
   4.7924000e-04
   5.0348000e-04
   5.3580000e-04
   5.7620000e-04
   6.0940000e-04
   6.3540000e-04
   6.5420000e-04
   6.6580000e-04
   6.7020000e-04
   6.8092000e-04
   6.9796000e-04
   7.2132000e-04
   7.5100000e-04
   7.8700000e-04
   8.2760000e-04
   8.7280000e-04
   9.2260000e-04
   9.7700000e-04
   1.0360000e-03
   1.1067600e-03
   1.1892800e-03
   1.2835600e-03
   1.3896000e-03
   1.5074000e-03
   1.6478800e-03
   1.8110400e-03
   1.9968800e-03
   2.2054000e-03
   2.4366000e-03
   2.6946400e-03
   2.9795200e-03
   3.2912400e-03
   3.6298000e-03
   3.9952000e-03
   4.3938800e-03
   4.8258400e-03
   5.2910800e-03
   5.7896000e-03
   6.3214000e-03
   6.8942800e-03
   7.5082400e-03
   8.1632800e-03
   8.8594000e-03
   9.5966000e-03
   1.0457560e-02
   1.1442280e-02
   1.2550760e-02
   1.3783000e-02
   1.5139000e-02
   1.6640360e-02
   1.8287080e-02
   2.0079160e-02
   2.2016600e-02
   2.4099400e-02
   2.7706680e-02
   3.2838440e-02
   3.9494680e-02
   4.7675400e-02
   5.7380600e-02
   6.5144760e-02
   7.0967880e-02
   7.4849960e-02
   7.6791000e-02
   7.6791000e-02
   7.6791000e-02
   7.6791000e-02
   7.6791000e-02
   7.6791000e-02
   7.6791000e-02
   7.6791000e-02
   7.6791000e-02
   7.6791000e-02
   7.6791000e-02
   7.6791000e-02
   7.6791000e-02
   7.6791000e-02
   7.6791000e-02
   7.6791000e-02
   7.6791000e-02
   7.6791000e-02
   7.6791000e-02
   7.6791000e-02
   7.6791000e-02
