   5.7118600e+05
   5.6925000e+05
   5.8183100e+05
   5.8135300e+05
   5.7795700e+05
   5.8844800e+05
   5.8950800e+05
   5.8002000e+05
   5.8979800e+05
   5.9058400e+05
   6.0535700e+05
   6.1600000e+05
   6.4069700e+05
   6.6028200e+05
   6.7112600e+05
   7.0439200e+05
   7.2844100e+05
   7.3691600e+05
   7.3776900e+05
   7.4666300e+05
   7.7679800e+05
   7.9054100e+05
   8.2180800e+05
   8.4113500e+05
   8.8393600e+05
   9.2519900e+05
   9.7369100e+05
   9.9570100e+05
   9.7595300e+05
   9.5448800e+05
   9.2922000e+05
   9.1524200e+05
   8.9674500e+05
   8.9597100e+05
   7.0261400e+05
   8.6989800e+05
   8.1451100e+05
   7.9778500e+05
   7.7312500e+05
   7.6326000e+05
   7.7235000e+05
   7.8913500e+05
   7.7063400e+05
   7.5175000e+05
   7.9217900e+05
   8.2072100e+05
   8.2337500e+05
   8.8120900e+05
   9.3258600e+05
   9.9034500e+05
   1.0704630e+06
   1.1756340e+06
   1.1703440e+06
   1.1133370e+06
   7.0217400e+05
   7.6183000e+05
   9.3171500e+05
   9.0576900e+05
   9.3334000e+05
   9.1127900e+05
   8.3577900e+05
   7.3091100e+05
   7.8793200e+05
   8.1502400e+05
   8.1665900e+05
   7.8795600e+05
   7.4966100e+05
   7.5522200e+05
   7.3801000e+05
   7.1780900e+05
   6.8329800e+05
   6.6673400e+05
   6.4539000e+05
   6.2343700e+05
   6.1144700e+05
   5.7833800e+05
   5.2753300e+05
   5.0663300e+05
   4.7397500e+05
   4.3829900e+05
   4.3844000e+05
   3.3451300e+05
   3.2737700e+05
   3.0796300e+05
   2.9112800e+05
   2.6185600e+05
   2.4265600e+05
   2.1105400e+05
   1.8520400e+05
   1.5447000e+05
   1.3014300e+05
   1.0456800e+05
   8.1375000e+04
   6.3272000e+04
   4.1628000e+04
   3.2932000e+04
   2.3296000e+04
   1.7262000e+04
   1.1826000e+04
   8.1020000e+03
