   6.0046600e+05
   5.9691000e+05
   6.1032600e+05
   6.0795000e+05
   6.0686900e+05
   6.1568500e+05
   6.1823400e+05
   6.0894600e+05
   6.2048400e+05
   6.2008200e+05
   6.3415900e+05
   6.4634500e+05
   6.7370600e+05
   6.9222400e+05
   7.0671600e+05
   7.3853600e+05
   7.6561300e+05
   7.7295600e+05
   7.7266000e+05
   7.8421900e+05
   8.2354000e+05
   8.3455000e+05
   8.5886200e+05
   8.7410900e+05
   9.1618100e+05
   9.5577700e+05
   1.0053850e+06
   1.0209490e+06
   1.0044940e+06
   9.7867200e+05
   9.5504000e+05
   9.3442100e+05
   9.1645300e+05
   9.1600500e+05
   7.1489900e+05
   8.8787600e+05
   8.3098100e+05
   8.1347600e+05
   7.8687200e+05
   7.7708100e+05
   7.8429500e+05
   7.9982200e+05
   7.7882200e+05
   7.6071500e+05
   8.0051700e+05
   8.3005200e+05
   8.3054400e+05
   8.8290300e+05
   9.3231300e+05
   9.9196000e+05
   1.0685080e+06
   1.1722170e+06
   1.1652320e+06
   1.1099560e+06
   6.9412500e+05
   7.4013300e+05
   9.0108300e+05
   8.7368500e+05
   9.0073400e+05
   8.7460400e+05
   7.9643800e+05
   6.9353000e+05
   7.3858200e+05
   7.6204300e+05
   7.5893500e+05
   7.2226100e+05
   6.7858900e+05
   6.7497900e+05
   6.5456800e+05
   6.2688400e+05
   5.9037300e+05
   5.6302600e+05
   5.3544500e+05
   5.0457800e+05
   4.7684800e+05
   4.2863500e+05
   3.6613800e+05
   3.1093800e+05
   2.7472400e+05
   2.4538700e+05
   2.4334500e+05
   1.8570500e+05
   1.7644200e+05
   1.6206400e+05
   1.4771200e+05
   1.2897800e+05
   1.1442000e+05
   9.4325000e+04
   7.8305000e+04
   6.1055000e+04
   4.9678000e+04
   3.7909000e+04
   2.8027000e+04
   2.0789000e+04
   1.2892000e+04
   9.4970000e+03
   6.5020000e+03
   4.4250000e+03
   2.8220000e+03
   1.8240000e+03
