   8.6793030e+06
   8.8780600e+06
   9.5414300e+06
   9.0606880e+06
   9.4364120e+06
   9.9200170e+06
   1.0576885e+07
   1.1671142e+07
   1.2177131e+07
   1.2240518e+07
   1.3260145e+07
   1.2880667e+07
   1.3725878e+07
   1.1907471e+07
   1.1047820e+07
   1.2505646e+07
   1.1920187e+07
   1.2416093e+07
   1.3724013e+07
   7.9367580e+06
   5.3777770e+06
   6.9780970e+06
   6.8976490e+06
   9.3390880e+06
   9.1159470e+06
   8.6981050e+06
   9.5070640e+06
   9.0447640e+06
   8.5184170e+06
   8.4531500e+06
   7.0948730e+06
   7.2737620e+06
   6.2788200e+06
   5.9835890e+06
   5.9031560e+06
   5.3996260e+06
   5.0247690e+06
   4.8290320e+06
   4.5523850e+06
   4.7397100e+06
   4.6708280e+06
   4.4010680e+06
   4.3992220e+06
   4.4606900e+06
   4.5086790e+06
   4.5644980e+06
   4.4274450e+06
   4.4729470e+06
   4.4441010e+06
   4.0669390e+06
   3.8277640e+06
   3.9957590e+06
   3.7261040e+06
   3.7870140e+06
   3.4044010e+06
   3.3514110e+06
   3.4388320e+06
   3.3545360e+06
   3.0060420e+06
   3.0687230e+06
   2.8893590e+06
   2.8756510e+06
   2.5564150e+06
   2.4775840e+06
   2.5272380e+06
   2.3737790e+06
   2.2200940e+06
   2.2879920e+06
   1.9565920e+06
   1.7990690e+06
   1.7302810e+06
   1.6852850e+06
   1.6253750e+06
   1.4169230e+06
   1.2944580e+06
   1.2492880e+06
   1.0766660e+06
   9.8386000e+05
   8.7201000e+05
   7.5629700e+05
   6.4590400e+05
   5.0096600e+05
   3.9094600e+05
   3.4359100e+05
   2.7372600e+05
   2.1929800e+05
   1.7333000e+05
   1.3043400e+05
   9.7424000e+04
   7.8518000e+04
   5.0799000e+04
   3.6901000e+04
   2.5563000e+04
   1.7417000e+04
   1.2751000e+04
   8.7120000e+03
   6.0670000e+03
   4.5620000e+03
   3.1850000e+03
   1.4340000e+03
