   9.3785270e+06
   9.5246060e+06
   1.0174655e+07
   9.6182610e+06
   1.0027512e+07
   1.0547640e+07
   1.1232983e+07
   1.2388103e+07
   1.2916159e+07
   1.3002550e+07
   1.4083857e+07
   1.3625436e+07
   1.4532781e+07
   1.2648299e+07
   1.1720315e+07
   1.3201064e+07
   1.2519858e+07
   1.2740909e+07
   1.3685033e+07
   7.7039280e+06
   5.3284120e+06
   7.3464940e+06
   7.4066730e+06
   1.0147023e+07
   9.7883590e+06
   9.2615170e+06
   1.0183478e+07
   9.5872790e+06
   8.9957210e+06
   8.9234700e+06
   7.5584050e+06
   8.0197130e+06
   6.8936400e+06
   6.5978810e+06
   6.5217050e+06
   5.9089120e+06
   5.5791120e+06
   5.4494910e+06
   5.1711200e+06
   5.3460270e+06
   5.3578060e+06
   5.0105890e+06
   5.0322340e+06
   5.1648770e+06
   5.1290820e+06
   5.1306470e+06
   4.9115000e+06
   5.0320980e+06
   4.9938860e+06
   4.5611840e+06
   4.3662450e+06
   4.4879090e+06
   4.1105360e+06
   4.1744730e+06
   3.7449790e+06
   3.6316000e+06
   3.6895780e+06
   3.5249750e+06
   3.1344480e+06
   3.1849460e+06
   2.9708280e+06
   2.9154900e+06
   2.5201960e+06
   2.4261810e+06
   2.3975910e+06
   2.2250190e+06
   2.0684720e+06
   2.0969720e+06
   1.7527780e+06
   1.5824260e+06
   1.4866320e+06
   1.3856970e+06
   1.2821910e+06
   1.0931060e+06
   9.6507800e+05
   8.9006400e+05
   7.5023900e+05
   6.6306400e+05
   5.7022200e+05
   4.7697800e+05
   3.9328600e+05
   2.9248200e+05
   2.2113800e+05
   1.8727000e+05
   1.4367000e+05
   1.0767400e+05
   8.1868000e+04
   5.8694000e+04
   4.1538000e+04
   3.3257000e+04
   1.9892000e+04
   1.3804000e+04
   9.1390000e+03
   6.1270000e+03
   5.0160000e+03
   3.5960000e+03
   2.3720000e+03
   2.0800000e+03
   1.4560000e+03
   4.4700000e+02
