   4.8383535e+08
   4.9104920e+08
   4.9823854e+08
   5.0485523e+08
   5.1179849e+08
   5.1947173e+08
   5.2785897e+08
   5.3640867e+08
   5.4467938e+08
   5.5272113e+08
   5.6031259e+08
   5.6722456e+08
   5.7379007e+08
   5.8032202e+08
   5.8667251e+08
   5.9286831e+08
   5.9898299e+08
   6.0476411e+08
   6.1000410e+08
   6.1477582e+08
   6.1916599e+08
   6.2320512e+08
   6.2695616e+08
   6.3054549e+08
   6.3413024e+08
   6.3756046e+08
   6.4079307e+08
   6.4400125e+08
   6.4715937e+08
   6.5027575e+08
   6.5342275e+08
   6.5667729e+08
   6.6002354e+08
   6.6349338e+08
   6.6700922e+08
   6.7078090e+08
   6.7470782e+08
   6.7797224e+08
   6.8059632e+08
   6.8295105e+08
